215140
206775
265051
337802
305500
317929
366613
368166
355517
331569
241069
232940
186726
146031
228635
275171
277792
293507
332409
374133
359070
320018
245008
240239
220898
211934
276993
348408
337950
328923
409589
509070
389530
349573
254395
262246
238525
241993
310758
373203
331335
345269
405114
443800
391141
353848
250260
263295
238360
234185
353354
347573
378229
366529
420285
449934
416369
394826
301980
300846
275047
263823
366320
427152
389170
393027
444125
468968
468115
429552
316862
331049
303233
310057
419797
474923
450159
469850
542556
598553
545843
501244
376030
363858
344489
354464
504734
522173
559120
559823
636634
726352
631538
561248
447324
413505
392710
415381
531848
624574
620023
636020
719989
790440
722869
635333
512290
469873
450834
474974
629476
665749
743300
720149
828583
899438
817513
763860
581392
504444
492367
531758
715362
843230
837234
831553
974992
1033456
950370
868744
698108
609958
597669
635124
831373
978133
945322
1010645
1118119
1178222
1038420
847685
668036
621396
611457
676176
904683
964571
993593
1024443
1168263
1242020
1119672
1004380
764911
718877
692574
724078
884718
1003668
1020660
1106228
1217280
1341990
1163542
1140862
836070
807687
751506
823160
982468
1107245
1115396
1169752
1339584
1457507
1250631
1193287
863597
831883
779050
811542
1073772
1052394
1204311
1224099
1438491
1543545
1316707
1241719
961016
926979
868653
904599
1109783
1386143
1384051
1432642
1586874
1710919
1533217
1434801
1058347
1055446
1002828
1051770
1279296
1513754
1504093
1624779
1877937
2023273
1757933
1616594
1237017
1132131
1050062
1115367
1441069
1440021
1625247
1653182
1866854
1995443
1664642
1467500
1063231
1015805
910422
942571
1153959
1439286
1467594
1497440
1729564
1833076
1539773
1413060
1111018
1064090
935441
974055
1278914
1275136
1524190
1636102
1898481
1999531
1789025
1736277
1336352
1199997
1181391
1198710
1504201
1812126
1967213
2103285
2400048
2444886
2194761
2009821
1475375
1463482
1329333
1321180
1665163
2041085
2118486
2337007
2679986
2765329
2461718
2115119
1485087
1394970
1279060
1322465
1744479
2004514
2308353
2554012
2819354
2935729
2625492
2254883
1618606
1566137
1429618
1454116
1865363
2300657
2506058
2767361
3010583
3246128
2838046
2461470
1709285
1680049
1547069
1533699
2049329
2437182
2670680
2855575
3190774
3352763
2976828
2686231
1967711
1826048
1774953
1870961
2327124
2622604
2981745
3098362
3523483
3585878
3263092
3005086
2121628
2153470
1988614
1976634
2447478
3017551
3175953
3380555
3773045
3781934
3459473
3065979
2222377
2250608