351
469
466
531
385
505
406
452
356
385
417
395
355
504
654
704
613
728
738
587
511
524
535
640
659
564
626
817
891
683
711
746
628
549
544
590
702
815
685
796
903
912
753
740
793
772
645
632
799
813
818
702
779
800
879
805
807
847
846
727
584
713
1036
1070
856
933
1214
1107
1114
1108
1171
1185
943
718
984
1177
987
928
857
995
911
827
860
811
699
668
585
611
568
621
455
710
840
770
836
750
723
668
555
542
555
523
566
459
599
733
645
762
729
703
625
609
509
528
548
600
468
515
712
701
624
643
651
677
533
457
549
503
587
448
586
757
722
661
740
877
839
710
619
701
637
559
599
559
889
983
785
854
907
914
757
686
691
865
841
661
660
855
788
757
919
847
827
783
639
654
607
674
464
621
882
856
793
749
843
819
623
624
640
762
634
573
586
791
830
761
669
745
705
620
574
695
624
668
496
553
691
688
679
848
809
786
653
514
599
546
522
476
738
827
784
752
823
864
829
710
558
650
598
578
519
718
823
926
786
792
761
782
645
545
619
695
628
540
615
716
862
745
837
906
717
638
557
671
588
652
522
632
648
733
765
820
763
660
601
563
539
582
615
479
558
719
767
675
702
726
657
545
515
543
488
517
423
552
612
693
631
606
613
616
549
459
550
508
547
505
545
615
641
637
607
661
535
534
475
471
485
502
445
465
556
577
604
620
634
584
481
450
459
460
504
394
493
566
542
550
575
579
592
465
404
468
439
433
401
417
459
468
537
515
527
508
426
364
403
372
401
368
425
517
504
492
519
563
503
407
418
408
380
380
335
406
494
524
474
490
558
594
472
411
479
393
429
382
375
455
378
