20571
15007
26737
45667
65994
66749
57933
100511
128761
28230
18071
28468
19036
13811
11283
66006
30359
59280
22453
82581
98805
26770
17593
27773
19966
17393
39544
52609
57226
64731
96484
69585
123822
51931
31819
37988
24683
24819
25229
69645
65284
70071
90970
126348
72305
52060
26495
26198
22516
22243
32010
76841
73817
75614
95411
138564
78360
58738
33068
23511
27409
18465
46090
55849
75259
90055
108204
187926
89974
88962
38119
26389
23165
23550
30599
78986
111718
109271
207979
225586
129170
102294
37319
38896
35082
33151
55955
93878
127922
144037
211902
272104
167375
132976
57804
49839
27189
37848
56840
121939
135798
156902
212492
286157
170345
111954
51478
39666
27189
34764
49763
112105
139773
158250
200047
290925
170881
136824
68019
52707
28800
34962
87141
140949
132908
150508
230482
297290
181832
181869
86420
53384
35107
32876
61336
129246
184358
213858
242140
371621
255515
195511
69795
75658
31677
40821
67171
141899
178600
208402
298493
393623
240898
194793
101894
69976
34350
36166
113620
125993
213603
225798
322664
458096
269938
225719
106724
63632
38121
34682
84274
204867
239215
272854
383959
500818
310173
265345
121919
77983
47837
38461
113879
232550
290265
327710
398910
513759
324388
295483
174303
115347
59724
40915
157687
225302
349936
390185
416824
547108
387725
329095
222240
110235
90125
77088
146232
273254
322005
330362
424076
532897
380560
287602
226738
110757
83510
69281
141502
288875
363525
383959
451662
585831
405573
355248
183619
126140
99422
85663
142327
336458
394311
386254
555189
654586
451732
384434
200598
110643
95381
76510
131177
297340
337597
381250
443875
528621
437139
366315
195692
132128
108690
89493
161158
299905
373763
398980
468396
564588
411206
363444
228906
139928
128862
96031
167022
283029
321479
377107
414209
583416
401217
362312
202770
121974
123032
99425
155252
286068
369263
393350
466426
621438
403582
404247
242428