4.5
1.6
0.1
-3.4
-1.9
3.1
1.9
1.8
4.8
4.5
3.9
4.1
0.8
2.4
2.0
5.4
4.0
5.6
2.4
4.6
1.4
1.4
3.5
2.9
2.7
7.2
3.7
4.3
3.1
6.2
5.2
3.1
4.0
3.9
5.3
6.7
3.2
3.3
5.1
7.1
1.2
7.8
0.5
2.3
-1.1
2.1
-1.3
1.1
3.7
2.2
2.0
0.3
2.1
3.8
6.9
4.8
2.3
3.0
3.7
3.5
4.3
2.1
3.4
2.3
4.9
1.2
0.4
3.2
0.2
3.1
2.7
1.4
-2.7
2.0
-1.9
-8.2
-5.4
-0.5
1.3
3.9
1.7
3.9
2.7
2.5
-1.5
2.9
0.8
4.6
2.7
1.9
0.5
0.1
2.8
0.8
3.1
4.0
-0.9
4.6
5.2
2.0
3.2
2.7
1.6
0.5
0.6
2.2
2.8
1.8
1.2
3.1
3.2
2.6